2626
28 14 29 15
28 13 29 14
28 15 29 16
27 14 28 15
27 12 28 12
26 12 27 12
25 12 26 13
24 12 25 12
28 16 29 17
27 15 28 16
26 14 27 15
25 13 26 14
24 12 25 13
27 11 28 11
26 11 27 11
25 11 26 11
23 11 24 12
22 11 23 11
28 17 29 17
26 15 27 16
25 14 26 15
24 13 25 14
23 12 24 13
27 10 28 10
26 10 27 10
25 10 26 10
24 10 25 10
23 10 24 10
22 10 23 10
21 10 22 11
20 10 21 10
28 18 29 18
27 17 28 17
26 16 27 17
25 15 26 16
24 14 25 15
22 12 23 13
21 11 22 12
28 9 29 10
27 9 28 9
26 9 27 9
24 9 25 9
23 9 24 9
22 9 23 9
21 9 22 9
20 9 21 9
19 9 20 10
18 9 19 9
27 18 28 19
25 16 26 17
24 15 25 16
22 13 23 14
21 12 22 13
20 11 21 11
19 10 20 11
24 8 25 8
23 8 24 8
22 8 23 8
21 8 22 8
20 8 21 8
19 8 20 8
18 8 19 8
17 8 18 8
16 8 17 8
26 18 27 19
24 16 25 17
23 15 24 16
22 14 23 15
21 13 22 14
20 12 21 13
19 11 20 12
18 10 19 11
17 9 18 10
16 8 17 9
28 7 29 7
26 7 27 7
25 7 26 8
24 7 25 7
23 7 24 7
22 7 23 7
21 7 22 7
20 7 21 7
19 7 20 7
18 7 19 7
17 7 18 7
16 7 17 7
15 7 16 8
14 7 15 7
26 19 27 20
25 18 26 19
24 17 25 18
23 16 24 17
21 14 22 15
20 13 21 14
19 12 20 13
18 11 19 12
17 10 18 11
16 9 17 10
15 8 16 9
14 7 15 8
26 6 27 7
25 6 26 7
24 6 25 6
23 6 24 6
22 6 23 6
21 6 22 6
20 6 21 6
19 6 20 6
18 6 19 6
17 6 18 6
16 6 17 6
15 6 16 7
14 6 15 6
13 6 14 7
12 6 13 6
28 22 29 22
27 21 28 21
26 20 27 21
25 19 26 19
24 18 25 18
23 17 24 18
22 16 23 16
21 15 22 16
20 14 21 15
19 13 20 14
18 12 19 12
17 11 18 12
16 10 17 11
15 9 16 10
14 8 15 8
13 7 14 8
27 5 28 5
26 5 27 5
25 5 26 5
24 5 25 5
23 5 24 5
22 5 23 5
21 5 22 5
20 5 21 5
19 5 20 5
18 5 19 5
17 5 18 5
16 5 17 5
15 5 16 6
14 5 15 5
13 5 14 6
12 5 13 5
11 5 12 6
10 5 11 5
28 23 29 24
27 22 28 23
26 21 27 22
25 20 26 21
24 19 25 20
23 18 24 19
22 17 23 18
21 16 22 17
20 15 21 16
19 14 20 15
18 13 19 14
17 12 18 13
16 11 17 12
15 10 16 11
14 9 15 10
13 8 14 9
12 7 13 7
11 6 12 7
27 4 28 4
26 4 27 4
25 4 26 4
24 4 25 4
23 4 24 4
22 4 23 4
21 4 22 4
20 4 21 4
19 4 20 4
18 4 19 4
17 4 18 4
16 4 17 4
15 4 16 4
14 4 15 4
13 4 14 4
12 4 13 4
11 4 12 4
10 4 11 4
9 4 10 5
8 4 9 4
27 23 28 24
26 22 27 22
25 21 26 22
24 20 25 21
23 19 24 20
22 18 23 19
21 17 22 18
20 16 21 17
19 15 20 16
18 14 19 15
17 13 18 14
16 12 17 12
15 11 16 11
14 10 15 11
13 9 14 10
12 8 13 8
11 7 12 8
10 6 11 6
9 5 10 6
28 3 29 3
27 3 28 3
25 3 26 4
24 3 25 3
23 3 24 3
22 3 23 3
21 3 22 3
20 3 21 3
18 3 19 3
16 3 17 3
15 3 16 3
14 3 15 3
13 3 14 3
12 3 13 3
11 3 12 3
10 3 11 3
9 3 10 3
8 3 9 3
7 3 8 3
6 3 7 3
27 24 28 25
26 23 27 24
25 22 26 23
24 21 25 22
23 20 24 21
22 19 23 20
21 18 22 19
20 17 21 18
19 16 20 17
18 15 19 16
16 13 17 14
15 12 16 13
14 11 15 12
13 10 14 11
12 9 13 10
11 8 12 9
10 7 11 8
9 6 10 7
8 5 9 6
7 4 8 5
28 2 29 2
27 2 28 2
25 2 26 2
24 2 25 2
23 2 24 2
22 2 23 2
21 2 22 2
20 2 21 2
19 2 20 2
18 2 19 2
17 2 18 3
16 2 17 2
15 2 16 2
14 2 15 2
13 2 14 2
12 2 13 2
11 2 12 2
10 2 11 2
9 2 10 2
8 2 9 2
7 2 8 2
6 2 7 2
5 2 6 3
4 2 5 2
28 26 29 27
27 25 28 26
26 24 27 24
25 23 26 24
24 22 25 23
22 20 23 21
21 19 22 20
20 18 21 19
19 17 20 18
18 16 19 17
17 15 18 16
16 14 17 15
15 13 16 14
14 12 15 13
13 11 14 12
12 10 13 11
11 9 12 10
10 8 11 9
9 7 10 8
8 6 9 7
7 5 8 6
6 4 7 4
5 3 6 4
27 1 28 1
26 1 27 2
25 1 26 2
24 1 25 1
22 1 23 1
21 1 22 1
20 1 21 1
19 1 20 1
18 1 19 1
17 1 18 1
16 1 17 1
15 1 16 1
14 1 15 1
13 1 14 1
12 1 13 1
11 1 12 1
10 1 11 1
9 1 10 1
8 1 9 1
7 1 8 1
6 1 7 1
5 1 6 1
4 1 5 1
3 1 4 2
2 1 3 1
28 27 29 28
27 26 28 27
26 25 27 25
24 23 25 24
23 22 24 22
22 21 23 22
21 20 22 21
20 19 21 20
19 18 20 19
18 17 19 18
17 16 18 17
16 15 17 16
15 14 16 15
14 13 15 14
13 12 14 13
12 11 13 12
11 10 12 11
10 9 11 10
9 8 10 9
8 7 9 8
7 6 8 7
6 5 7 5
5 4 6 5
4 3 5 3
3 2 4 3
28 0 29 0
26 0 27 1
24 0 25 0
23 0 24 0
22 0 23 0
21 0 22 0
20 0 21 0
19 0 20 0
18 0 19 0
17 0 18 0
16 0 17 0
15 0 16 0
14 0 15 0
13 0 14 0
12 0 13 0
11 0 12 0
10 0 11 0
9 0 10 0
8 0 9 0
7 0 8 1
6 0 7 0
5 0 6 0
4 0 5 0
3 0 4 1
2 0 3 1
1 0 2 1
0 0 1 0
28 28 29 29
26 26 27 27
25 25 26 26
24 24 25 25
23 23 24 23
22 22 23 23
21 21 22 22
20 20 21 21
19 19 20 20
18 18 19 19
17 17 18 18
16 16 17 17
15 15 16 16
14 14 15 15
13 13 14 14
12 12 13 13
11 11 12 12
10 10 11 11
9 9 10 10
8 8 9 9
7 7 8 8
6 6 7 6
5 5 6 6
4 4 5 4
3 3 4 4
2 2 3 2
1 1 2 2
26 13 27 14
28 15 29 16
27 14 28 14
27 12 28 12
25 12 26 12
24 12 25 13
27 15 28 15
26 14 27 14
25 13 26 13
28 11 29 11
23 11 24 12
22 11 23 12
26 15 27 16
25 14 26 15
24 13 25 14
23 12 24 13
28 10 29 10
26 10 27 11
24 10 25 10
23 10 24 10
21 10 22 11
20 10 21 10
27 17 28 18
26 16 27 17
25 15 26 16
23 13 24 14
22 12 23 13
21 11 22 12
27 9 28 10
25 9 26 10
24 9 25 10
23 9 24 10
22 9 23 10
21 9 22 10
19 9 20 9
28 19 29 20
26 17 27 18
25 16 26 17
23 14 24 15
22 13 23 14
20 11 21 12
26 8 27 8
25 8 26 8
24 8 25 8
23 8 24 8
22 8 23 9
21 8 22 9
20 8 21 9
19 8 20 8
18 8 19 9
17 8 18 9
16 8 17 9
27 19 28 20
25 17 26 18
24 16 25 17
23 15 24 16
22 14 23 15
21 13 22 13
20 12 21 13
19 11 20 11
18 10 19 10
17 9 18 10
26 7 27 7
25 7 26 7
24 7 25 7
23 7 24 7
22 7 23 7
21 7 22 8
20 7 21 8
19 7 20 7
18 7 19 8
17 7 18 8
16 7 17 8
15 7 16 8
14 7 15 7
28 21 29 21
27 20 28 21
25 18 26 19
24 17 25 18
23 16 24 17
22 15 23 16
21 14 22 14
20 13 21 14
19 12 20 12
18 11 19 11
17 10 18 11
16 9 17 9
15 8 16 9
25 6 26 6
24 6 25 6
23 6 24 6
22 6 23 6
21 6 22 6
20 6 21 7
19 6 20 6
18 6 19 7
17 6 18 7
16 6 17 7
15 6 16 7
14 6 15 6
13 6 14 7
12 6 13 6
27 21 28 21
24 18 25 19
22 16 23 17
21 15 22 16
20 14 21 15
18 12 19 13
17 11 18 12
16 10 17 10
14 8 15 8
13 7 14 8
28 5 29 6
26 5 27 6
25 5 26 6
24 5 25 5
23 5 24 5
22 5 23 5
21 5 22 5
20 5 21 6
19 5 20 5
18 5 19 6
17 5 18 6
16 5 17 6
15 5 16 6
14 5 15 5
13 5 14 6
12 5 13 5
11 5 12 6
10 5 11 5
28 23 29 24
26 21 27 21
25 20 26 20
23 18 24 18
22 17 23 18
21 16 22 17
20 15 21 16
19 14 20 14
18 13 19 14
17 12 18 13
16 11 17 11
15 10 16 10
14 9 15 9
13 8 14 9
12 7 13 7
11 6 12 7
28 4 29 4
27 4 28 4
25 4 26 5
24 4 25 4
23 4 24 4
22 4 23 4
21 4 22 4
20 4 21 5
19 4 20 4
18 4 19 5
17 4 18 5
15 4 16 5
14 4 15 4
13 4 14 5
12 4 13 4
11 4 12 5
10 4 11 4
9 4 10 5
28 24 29 25
26 22 27 23
24 20 25 21
23 19 24 20
22 18 23 19
21 17 22 18
20 16 21 17
19 15 20 15
18 14 19 15
17 13 18 14
16 12 17 12
15 11 16 11
14 10 15 10
12 8 13 8
10 6 11 7
25 3 26 3
23 3 24 3
22 3 23 3
21 3 22 3
19 3 20 3
18 3 19 3
17 3 18 3
16 3 17 3
15 3 16 3
14 3 15 3
13 3 14 4
12 3 13 3
11 3 12 4
10 3 11 4
9 3 10 4
8 3 9 4
7 3 8 4
6 3 7 3
26 23 27 24
25 22 26 23
24 21 25 22
23 20 24 21
22 19 23 20
21 18 22 19
20 17 21 18
19 16 20 17
17 14 18 15
16 13 17 14
15 12 16 13
14 11 15 12
13 10 14 11
12 9 13 10
11 8 12 9
10 7 11 8
9 6 10 6
8 5 9 5
7 4 8 5
28 2 29 3
25 2 26 2
24 2 25 2
23 2 24 2
22 2 23 2
21 2 22 2
20 2 21 2
19 2 20 2
17 2 18 2
16 2 17 2
15 2 16 2
14 2 15 2
13 2 14 2
12 2 13 2
11 2 12 2
10 2 11 2
9 2 10 3
8 2 9 3
7 2 8 3
6 2 7 2
5 2 6 3
4 2 5 2
27 25 28 25
26 24 27 25
24 22 25 23
22 20 23 21
21 19 22 20
20 18 21 19
19 17 20 18
18 16 19 16
17 15 18 16
16 14 17 15
15 13 16 14
14 12 15 13
13 11 14 12
12 10 13 11
11 9 12 10
10 8 11 9
9 7 10 7
8 6 9 6
7 5 8 6
6 4 7 4
5 3 6 4
28 1 29 1
25 1 26 1
23 1 24 1
22 1 23 1
21 1 22 1
20 1 21 1
19 1 20 1
18 1 19 1
17 1 18 1
16 1 17 1
15 1 16 1
14 1 15 1
13 1 14 1
12 1 13 1
11 1 12 1
10 1 11 1
9 1 10 2
8 1 9 2
7 1 8 2
6 1 7 1
5 1 6 2
4 1 5 1
3 1 4 2
2 1 3 1
25 24 26 25
24 23 25 24
23 22 24 22
22 21 23 22
21 20 22 21
20 19 21 20
19 18 20 19
18 17 19 17
17 16 18 17
16 15 17 16
15 14 16 15
14 13 15 14
13 12 14 12
11 10 12 11
10 9 11 10
9 8 10 8
8 7 9 7
7 6 8 7
6 5 7 5
5 4 6 5
4 3 5 3
3 2 4 3
24 0 25 0
23 0 24 0
22 0 23 0
21 0 22 0
20 0 21 0
19 0 20 0
18 0 19 0
17 0 18 0
16 0 17 0
15 0 16 0
14 0 15 0
13 0 14 0
12 0 13 0
11 0 12 0
10 0 11 0
9 0 10 1
8 0 9 1
7 0 8 1
6 0 7 0
5 0 6 1
4 0 5 0
1 0 2 0
27 27 28 28
25 25 26 26
22 22 23 23
21 21 22 22
20 20 21 21
19 19 20 20
18 18 19 19
17 17 18 18
15 15 16 16
14 14 15 15
13 13 14 14
12 12 13 13
11 11 12 12
10 10 11 11
9 9 10 10
8 8 9 8
6 6 7 6
5 5 6 6
4 4 5 4
2 2 3 2
26 13 27 13
26 12 27 12
24 12 25 12
22 11 23 12
27 16 28 17
26 15 27 16
25 14 26 14
24 13 25 13
23 12 24 12
26 10 27 11
25 10 26 11
24 10 25 11
22 10 23 10
21 10 22 11
26 16 27 17
23 13 24 13
24 9 25 10
22 9 23 9
21 9 22 10
20 9 21 10
19 9 20 10
18 9 19 9
27 18 28 19
26 17 27 18
24 15 25 16
23 14 24 15
22 13 23 14
21 12 22 12
20 11 21 11
19 10 20 11
27 8 28 9
25 8 26 8
24 8 25 8
22 8 23 8
21 8 22 9
20 8 21 9
19 8 20 9
18 8 19 8
17 8 18 9
16 8 17 8
28 20 29 21
26 18 27 19
25 17 26 18
24 16 25 17
23 15 24 16
22 14 23 15
21 13 22 14
20 12 21 12
19 11 20 12
18 10 19 10
17 9 18 10
25 7 26 7
24 7 25 7
23 7 24 7
21 7 22 7
20 7 21 8
19 7 20 8
18 7 19 7
17 7 18 8
16 7 17 7
15 7 16 8
14 7 15 7
26 19 27 20
25 18 26 19
24 17 25 18
23 16 24 16
21 14 22 15
18 11 19 12
17 10 18 11
16 9 17 10
15 8 16 9
27 6 28 7
26 6 27 7
25 6 26 6
24 6 25 6
23 6 24 6
22 6 23 7
21 6 22 6
19 6 20 7
18 6 19 6
16 6 17 6
15 6 16 6
14 6 15 6
13 6 14 7
12 6 13 6
27 21 28 22
26 20 27 21
23 17 24 18
22 16 23 16
21 15 22 16
20 14 21 14
19 13 20 13
18 12 19 13
17 11 18 11
16 10 17 11
14 8 15 9
13 7 14 8
26 5 27 6
25 5 26 5
23 5 24 5
22 5 23 5
21 5 22 5
20 5 21 6
19 5 20 6
18 5 19 5
16 5 17 5
14 5 15 5
12 5 13 5
11 5 12 6
10 5 11 6
23 18 24 19
22 17 23 18
21 16 22 17
20 15 21 16
19 14 20 14
18 13 19 14
17 12 18 12
16 11 17 12
15 10 16 10
14 9 15 10
13 8 14 9
12 7 13 7
11 6 12 7
28 4 29 4
25 4 26 4
24 4 25 4
23 4 24 5
20 4 21 4
15 4 16 4
14 4 15 4
13 4 14 4
12 4 13 4
11 4 12 5
10 4 11 5
9 4 10 5
8 4 9 4
27 23 28 24
25 21 26 22
24 20 25 21
21 17 22 18
19 15 20 16
11 7 12 8
10 6 11 7
9 5 10 6
26 3 27 3
22 3 23 3
20 3 21 3
19 3 20 3
18 3 19 3
17 3 18 3
16 3 17 3
15 3 16 3
13 3 14 3
10 3 11 3
9 3 10 3
8 3 9 3
7 3 8 4
6 3 7 3
26 23 27 24
25 22 26 23
22 19 23 20
21 18 22 19
20 17 21 18
19 16 20 17
18 15 19 16
17 14 18 15
16 13 17 13
15 12 16 12
14 11 15 11
13 10 14 10
12 9 13 9
11 8 12 9
10 7 11 8
9 6 10 7
8 5 9 5
7 4 8 5
26 2 27 2
25 2 26 3
24 2 25 3
23 2 24 3
18 2 19 2
17 2 18 2
16 2 17 2
15 2 16 2
14 2 15 2
13 2 14 2
12 2 13 2
11 2 12 2
10 2 11 2
9 2 10 2
8 2 9 2
6 2 7 2
5 2 6 2
4 2 5 2
27 25 28 26
25 23 26 24
24 22 25 23
23 21 24 21
22 20 23 21
21 19 22 20
20 18 21 19
18 16 19 17
17 15 18 16
16 14 17 15
15 13 16 13
14 12 15 12
13 11 14 11
12 10 13 10
11 9 12 10
10 8 11 9
9 7 10 8
8 6 9 6
7 5 8 6
6 4 7 4
5 3 6 3
26 1 27 1
24 1 25 1
23 1 24 1
22 1 23 1
21 1 22 1
20 1 21 1
19 1 20 2
18 1 19 1
17 1 18 1
16 1 17 1
15 1 16 1
14 1 15 1
13 1 14 2
12 1 13 1
11 1 12 1
10 1 11 1
8 1 9 1
7 1 8 1
6 1 7 1
5 1 6 1
3 1 4 1
26 25 27 26
25 24 26 25
22 21 23 22
21 20 22 21
20 19 21 20
18 17 19 18
17 16 18 17
16 15 17 16
15 14 16 14
14 13 15 13
13 12 14 12
12 11 13 11
11 10 12 11
10 9 11 10
9 8 10 9
8 7 9 7
7 6 8 7
6 5 7 5
5 4 6 4
4 3 5 3
3 2 4 2
25 0 26 0
24 0 25 0
23 0 24 0
22 0 23 0
21 0 22 0
20 0 21 0
19 0 20 1
18 0 19 0
17 0 18 0
16 0 17 0
15 0 16 0
14 0 15 0
13 0 14 1
12 0 13 0
11 0 12 0
7 0 8 0
5 0 6 0
2 0 3 0
23 23 24 24
22 22 23 23
21 21 22 22
20 20 21 21
19 19 20 19
18 18 19 19
16 16 17 17
15 15 16 16
14 14 15 14
13 13 14 13
12 12 13 12
11 11 12 12
10 10 11 11
25 12 26 13
24 12 25 12
26 14 27 14
26 11 27 12
25 11 26 12
22 11 23 11
27 16 28 17
24 13 25 14
23 10 24 11
22 10 23 10
21 10 22 11
27 17 28 18
22 12 23 12
21 11 22 12
28 9 29 9
23 9 24 10
22 9 23 9
21 9 22 10
20 9 21 10
19 9 20 10
18 9 19 9
27 18 28 19
24 15 25 16
23 14 24 14
21 12 22 13
19 10 20 11
26 8 27 9
23 8 24 9
21 8 22 9
20 8 21 9
19 8 20 9
18 8 19 8
17 8 18 9
16 8 17 9
27 19 28 20
26 18 27 19
25 17 26 18
23 15 24 15
22 14 23 14
20 12 21 13
18 10 19 11
17 9 18 10
28 7 29 8
27 7 28 8
26 7 27 8
25 7 26 8
24 7 25 8
23 7 24 8
20 7 21 8
19 7 20 8
17 7 18 7
16 7 17 8
15 7 16 8
14 7 15 8
27 20 28 21
26 19 27 20
23 16 24 16
22 15 23 15
21 14 22 14
20 13 21 14
19 12 20 12
18 11 19 12
17 10 18 11
16 9 17 9
15 8 16 9
27 6 28 6
26 6 27 7
24 6 25 6
23 6 24 7
21 6 22 7
20 6 21 7
19 6 20 7
17 6 18 6
16 6 17 7
15 6 16 7
14 6 15 7
13 6 14 7
12 6 13 6
28 22 29 22
27 21 28 22
24 18 25 18
22 16 23 17
20 14 21 15
19 13 20 14
17 11 18 12
16 10 17 11
15 9 16 10
14 8 15 9
13 7 14 8
26 5 27 5
24 5 25 5
22 5 23 6
19 5 20 6
17 5 18 5
15 5 16 5
13 5 14 6
12 5 13 5
11 5 12 6
10 5 11 6
24 19 25 20
23 18 24 19
22 17 23 18
21 16 22 16
19 14 20 15
17 12 18 13
15 10 16 11
14 9 15 10
12 7 13 8
11 6 12 7
26 4 27 4
25 4 26 5
21 4 22 4
16 4 17 4
15 4 16 4
14 4 15 5
13 4 14 5
9 4 10 4
8 4 9 4
26 22 27 22
25 21 26 21
22 18 23 19
20 16 21 17
17 13 18 14
16 12 17 12
15 11 16 12
14 10 15 11
13 9 14 9
12 8 13 9
11 7 12 8
10 6 11 6
9 5 10 5
27 3 28 3
24 3 25 3
23 3 24 3
21 3 22 3
19 3 20 3
18 3 19 3
17 3 18 4
16 3 17 3
14 3 15 3
11 3 12 3
10 3 11 3
9 3 10 3
7 3 8 3
6 3 7 3
26 23 27 23
25 22 26 22
24 21 25 21
23 20 24 20
22 19 23 20
21 18 22 18
20 17 21 18
19 16 20 16
18 15 19 15
15 12 16 13
14 11 15 12
11 8 12 9
10 7 11 7
9 6 10 6
8 5 9 5
7 4 8 4
27 2 28 2
20 2 21 2
19 2 20 2
18 2 19 2
17 2 18 3
15 2 16 2
14 2 15 2
13 2 14 3
12 2 13 3
11 2 12 2
10 2 11 2
9 2 10 2
7 2 8 2
6 2 7 2
5 2 6 3
4 2 5 2
28 26 29 27
26 24 27 25
25 23 26 23
23 21 24 21
22 20 23 21
21 19 22 19
20 18 21 19
19 17 20 17
18 16 19 16
17 15 18 15
16 14 17 14
13 11 14 12
12 10 13 11
11 9 12 10
10 8 11 9
9 7 10 7
8 6 9 6
7 5 8 5
6 4 7 4
5 3 6 4
27 1 28 1
25 1 26 1
23 1 24 1
22 1 23 1
21 1 22 1
20 1 21 1
19 1 20 1
18 1 19 1
17 1 18 2
16 1 17 2
15 1 16 1
14 1 15 1
13 1 14 2
12 1 13 2
11 1 12 1
9 1 10 1
8 1 9 1
7 1 8 1
6 1 7 1
27 26 28 27
26 25 27 26
23 22 24 23
22 21 23 22
21 20 22 21
20 19 21 19
18 17 19 18
17 16 18 17
14 13 15 13
13 12 14 13
12 11 13 12
10 9 11 10
8 7 9 8
26 0 27 0
24 0 25 0
23 0 24 0
22 0 23 0
21 0 22 0
19 0 20 0
18 0 19 0
17 0 18 0
16 0 17 1
15 0 16 0
13 0 14 0
12 0 13 0
8 0 9 0
6 0 7 0
3 0 4 0
24 24 25 25
23 23 24 24
21 21 22 22
19 19 20 20
17 17 18 18
16 16 17 17
12 12 13 13
11 11 12 12
26 13 27 13
27 12 28 13
25 12 26 12
23 11 24 12
28 17 29 18
25 14 26 15
24 10 25 10
23 10 24 10
22 10 23 10
21 10 22 10
20 10 21 11
28 18 29 19
24 14 25 15
22 12 23 13
21 11 22 12
27 9 28 9
24 9 25 9
23 9 24 9
22 9 23 9
21 9 22 10
20 9 21 10
19 9 20 10
18 9 19 10
25 16 26 17
24 15 25 16
23 14 24 14
22 13 23 14
20 11 21 12
19 10 20 11
27 8 28 8
26 8 27 9
25 8 26 9
24 8 25 8
21 8 22 8
20 8 21 8
19 8 20 8
16 8 17 8
28 20 29 21
27 19 28 20
24 16 25 17
23 15 24 16
22 14 23 15
21 13 22 13
20 12 21 13
19 11 20 11
18 10 19 10
17 9 18 9
27 7 28 8
22 7 23 8
21 7 22 7
20 7 21 7
18 7 19 7
17 7 18 8
16 7 17 7
14 7 15 7
28 21 29 21
27 20 28 21
25 18 26 18
21 14 22 15
19 12 20 13
18 11 19 12
16 9 17 10
15 8 16 8
28 6 29 7
25 6 26 7
23 6 24 7
20 6 21 6
18 6 19 6
14 6 15 6
13 6 14 7
12 6 13 7
23 17 24 17
22 16 23 16
21 15 22 16
20 14 21 14
17 11 18 12
16 10 17 11
14 8 15 9
27 5 28 5
25 5 26 6
18 5 19 5
16 5 17 6
15 5 16 6
14 5 15 5
13 5 14 6
10 5 11 5
26 21 27 21
25 20 26 20
24 19 25 19
23 18 24 18
20 15 21 16
18 13 19 14
17 12 18 12
16 11 17 12
15 10 16 10
14 9 15 10
13 8 14 8
12 7 13 7
11 6 12 6
22 4 23 4
18 4 19 4
17 4 18 4
16 4 17 5
10 4 11 4
9 4 10 5
27 23 28 23
23 19 24 20
22 18 23 19
21 17 22 17
20 16 21 17
19 15 20 15
18 14 19 15
16 12 17 13
15 11 16 12
13 9 14 10
12 8 13 8
11 7 12 7
10 6 11 6
9 5 10 6
25 3 26 3
24 3 25 3
20 3 21 3
19 3 20 3
18 3 19 3
17 3 18 3
15 3 16 3
14 3 15 4
13 3 14 4
12 3 13 4
10 3 11 3
8 3 9 3
7 3 8 4
6 3 7 3
26 23 27 24
24 21 25 22
22 19 23 20
20 17 21 18
19 16 20 16
18 15 19 16
17 14 18 14
16 13 17 14
15 12 16 12
12 9 13 10
10 7 11 7
9 6 10 7
8 5 9 5
7 4 8 5
28 2 29 2
21 2 22 2
20 2 21 2
19 2 20 2
18 2 19 2
17 2 18 2
16 2 17 3
15 2 16 2
14 2 15 3
13 2 14 3
12 2 13 3
11 2 12 3
10 2 11 2
8 2 9 2
7 2 8 3
5 2 6 2
23 21 24 22
21 19 22 20
15 13 16 14
14 12 15 13
13 11 14 11
12 10 13 11
11 9 12 9
6 4 7 5
26 1 27 1
24 1 25 2
23 1 24 2
22 1 23 2
21 1 22 1
20 1 21 1
19 1 20 1
17 1 18 1
16 1 17 1
15 1 16 1
12 1 13 2
10 1 11 1
9 1 10 1
8 1 9 1
7 1 8 2
27 26 28 27
24 23 25 24
23 22 24 22
18 17 19 17
14 13 15 14
13 12 14 13
11 10 12 11
9 8 10 9
25 0 26 0
24 0 25 0
23 0 24 0
22 0 23 0
20 0 21 0
19 0 20 0
18 0 19 1
16 0 17 0
14 0 15 0
13 0 14 1
9 0 10 0
4 0 5 0
25 25 26 26
24 24 25 25
22 22 23 23
20 20 21 20
18 18 19 18
17 17 18 17
13 13 14 14
12 12 13 13
28 13 29 13
27 13 28 14
24 12 25 13
25 13 26 13
25 10 26 10
24 10 25 10
23 10 24 11
22 10 23 11
21 10 22 11
20 10 21 11
25 15 26 15
24 14 25 14
23 13 24 13
22 12 23 12
25 9 26 9
24 9 25 10
23 9 24 10
18 9 19 9
26 17 27 18
25 16 26 16
24 15 25 15
23 14 24 14
22 13 23 13
21 12 22 12
20 11 21 11
19 10 20 10
28 8 29 8
25 8 26 8
23 8 24 8
21 8 22 8
20 8 21 8
18 8 19 8
17 8 18 8
28 20 29 21
25 17 26 18
24 16 25 17
23 15 24 15
22 14 23 14
24 7 25 7
22 7 23 7
21 7 22 7
19 7 20 7
17 7 18 7
15 7 16 8
14 7 15 8
23 16 24 17
22 15 23 15
20 13 21 14
19 12 20 12
15 8 16 9
26 6 27 7
19 6 20 6
17 6 18 6
16 6 17 7
15 6 16 7
14 6 15 7
12 6 13 6
27 21 28 22
26 20 27 20
18 12 19 13
17 11 18 12
16 10 17 11
15 9 16 10
13 7 14 7
19 5 20 5
17 5 18 5
15 5 16 5
11 5 12 5
10 5 11 5
22 17 23 17
21 16 22 16
20 15 21 15
19 14 20 14
17 12 18 13
15 10 16 11
13 8 14 8
12 7 13 7
11 6 12 6
19 4 20 4
18 4 19 4
15 4 16 4
14 4 15 5
13 4 14 5
11 4 12 4
8 4 9 4
24 20 25 21
23 19 24 19
21 17 22 18
19 15 20 16
18 14 19 15
17 13 18 14
16 12 17 12
14 10 15 11
11 7 12 8
10 6 11 7
9 5 10 5
26 3 27 3
21 3 22 3
20 3 21 4
19 3 20 3
18 3 19 3
17 3 18 4
16 3 17 4
15 3 16 3
14 3 15 4
13 3 14 4
12 3 13 4
11 3 12 3
9 3 10 3
8 3 9 3
7 3 8 4
27 24 28 24
25 22 26 22
23 20 24 21
21 18 22 19
19 16 20 17
17 14 18 15
14 11 15 12
13 10 14 10
12 9 13 9
10 7 11 8
8 5 9 6
25 2 26 2
22 2 23 2
21 2 22 2
20 2 21 2
19 2 20 2
18 2 19 2
16 2 17 3
13 2 14 2
11 2 12 2
9 2 10 2
8 2 9 2
6 2 7 2
24 22 25 22
22 20 23 21
19 17 20 18
16 14 17 15
15 13 16 14
13 11 14 12
7 5 8 6
27 1 28 1
21 1 22 1
20 1 21 1
19 1 20 1
18 1 19 1
17 1 18 2
16 1 17 2
14 1 15 2
11 1 12 1
10 1 11 2
25 24 26 24
21 20 22 21
19 18 20 19
18 17 19 17
15 14 16 15
12 11 13 12
10 9 11 10
26 0 27 0
25 0 26 0
24 0 25 0
23 0 24 0
21 0 22 0
20 0 21 0
17 0 18 0
15 0 16 0
10 0 11 0
5 0 6 0
25 25 26 26
23 23 24 24
14 14 15 15
13 13 14 13
26 13 27 14
27 14 28 14
24 11 25 11
23 11 24 12
22 11 23 11
26 15 27 15
25 14 26 14
24 13 25 13
23 12 24 13
26 10 27 10
25 10 26 10
24 10 25 10
26 16 27 16
24 14 25 15
23 13 24 14
21 11 22 11
26 9 27 10
19 9 20 10
24 15 25 15
26 8 27 8
25 8 26 9
24 8 25 9
22 8 23 8
21 8 22 9
19 8 20 9
18 8 19 9
16 8 17 9
26 18 27 19
25 17 26 18
23 15 24 15
20 12 21 13
17 9 18 10
27 7 28 7
25 7 26 7
23 7 24 8
22 7 23 7
20 7 21 7
18 7 19 7
17 7 18 7
16 7 17 8
15 7 16 8
14 7 15 8
27 20 28 20
24 17 25 18
21 14 22 14
16 9 17 10
15 8 16 9
20 6 21 6
18 6 19 6
13 6 14 6
12 6 13 6
23 17 24 18
22 16 23 16
21 15 22 15
20 14 21 14
19 13 20 13
18 12 19 12
17 11 18 11
16 10 17 11
14 8 15 9
13 7 14 7
20 5 21 5
18 5 19 5
16 5 17 6
15 5 16 6
14 5 15 6
12 5 13 5
11 5 12 5
10 5 11 6
24 19 25 20
18 13 19 14
17 12 18 13
16 11 17 12
11 6 12 7
19 4 20 4
18 4 19 4
17 4 18 5
16 4 17 5
15 4 16 5
14 4 15 5
13 4 14 5
12 4 13 4
9 4 10 4
8 4 9 4
28 24 29 25
26 22 27 22
22 18 23 18
20 16 21 17
19 15 20 16
18 14 19 15
15 11 16 12
14 10 15 10
13 9 14 9
12 8 13 8
27 3 28 3
22 3 23 3
20 3 21 4
19 3 20 3
17 3 18 3
12 3 13 3
10 3 11 4
9 3 10 3
24 21 25 21
22 19 23 20
21 18 22 18
20 17 21 17
18 15 19 16
15 12 16 13
11 8 12 9
9 6 10 7
26 2 27 2
23 2 24 2
22 2 23 2
21 2 22 2
20 2 21 2
19 2 20 2
18 2 19 3
17 2 18 2
15 2 16 3
14 2 15 3
12 2 13 2
11 2 12 2
10 2 11 3
9 2 10 2
8 2 9 3
7 2 8 3
26 24 27 25
23 21 24 21
20 18 21 18
19 17 20 17
17 15 18 16
16 14 17 15
14 12 15 13
8 6 9 7
28 1 29 1
22 1 23 1
21 1 22 1
20 1 21 1
19 1 20 1
12 1 13 1
22 21 23 22
20 19 21 20
16 15 17 16
14 13 15 14
13 12 14 13
11 10 12 11
27 0 28 0
26 0 27 0
25 0 26 0
24 0 25 1
22 0 23 0
21 0 22 1
18 0 19 0
16 0 17 0
11 0 12 0
6 0 7 0
24 24 25 25
15 15 16 16
24 12 25 12
27 15 28 16
26 14 27 14
25 11 26 11
23 11 24 11
22 11 23 11
27 16 28 16
24 13 25 14
23 12 24 12
27 10 28 10
26 10 27 11
25 10 26 10
20 10 21 10
25 15 26 15
24 14 25 15
25 9 26 9
22 9 23 10
20 9 21 9
19 9 20 9
24 15 25 16
27 8 28 9
24 8 25 8
23 8 24 9
17 8 18 9
28 20 29 20
26 18 27 19
22 14 23 14
21 13 22 13
18 10 19 10
28 7 29 7
26 7 27 8
23 7 24 7
22 7 23 8
21 7 22 8
19 7 20 8
18 7 19 8
14 7 15 7
25 18 26 19
23 16 24 17
22 15 23 16
21 14 22 14
20 13 21 13
18 11 19 11
17 10 18 10
16 9 17 9
21 6 22 6
19 6 20 6
17 6 18 6
16 6 17 6
15 6 16 6
14 6 15 6
13 6 14 7
17 11 18 11
16 10 17 10
15 9 16 9
21 5 22 5
19 5 20 5
18 5 19 6
16 5 17 5
15 5 16 5
14 5 15 5
13 5 14 5
12 5 13 6
27 22 28 23
25 20 26 21
23 18 24 19
19 14 20 15
18 13 19 14
17 12 18 13
15 10 16 10
14 9 15 9
13 8 14 8
12 7 13 7
21 4 22 4
20 4 21 5
19 4 20 4
13 4 14 4
11 4 12 5
10 4 11 5
9 4 10 5
25 21 26 22
21 17 22 17
20 16 21 16
19 15 20 16
16 12 17 13
23 3 24 3
20 3 21 3
18 3 19 3
16 3 17 4
15 3 16 4
13 3 14 3
11 3 12 3
10 3 11 3
8 3 9 3
24 21 25 22
23 20 24 20
21 18 22 18
20 17 21 17
19 16 20 17
16 13 17 14
12 9 13 10
24 2 25 3
23 2 24 2
22 2 23 3
21 2 22 3
20 2 21 2
18 2 19 2
13 2 14 2
12 2 13 3
10 2 11 2
27 25 28 25
19 17 20 17
18 16 19 16
17 15 18 15
15 13 16 14
9 7 10 8
23 1 24 1
22 1 23 1
21 1 22 1
20 1 21 1
13 1 14 1
23 22 24 23
21 20 22 20
17 16 18 17
15 14 16 15
14 13 15 14
12 11 13 12
28 0 29 0
27 0 28 0
23 0 24 0
19 0 20 0
17 0 18 0
12 0 13 0
7 0 8 0
25 25 26 26
16 16 17 17
27 14 28 14
25 12 26 12
27 11 28 12
26 11 27 12
24 11 25 11
23 11 24 12
26 15 27 15
25 14 26 14
28 10 29 11
26 10 27 10
25 10 26 11
23 10 24 10
21 10 22 10
25 15 26 16
24 14 25 14
26 9 27 9
24 9 25 9
21 9 22 9
20 9 21 10
18 9 19 9
25 16 26 17
23 14 24 15
22 13 23 13
19 10 20 11
27 8 28 9
25 8 26 8
22 8 23 9
20 8 21 8
19 8 20 8
27 19 28 19
22 14 23 15
21 13 22 13
19 11 20 12
18 10 19 10
17 9 18 9
24 7 25 7
15 7 16 7
14 7 15 8
26 19 27 19
24 17 25 18
23 16 24 17
18 11 19 12
16 9 17 10
15 8 16 8
22 6 23 6
20 6 21 6
19 6 20 6
18 6 19 6
17 6 18 6
16 6 17 6
15 6 16 6
13 6 14 7
16 10 17 11
15 9 16 9
14 8 15 8
13 7 14 8
22 5 23 5
21 5 22 6
20 5 21 5
17 5 18 5
16 5 17 5
14 5 15 5
12 5 13 5
11 5 12 6
10 5 11 6
26 21 27 21
24 19 25 19
22 17 23 17
21 16 22 16
20 15 21 15
19 14 20 14
18 13 19 13
11 6 12 7
22 4 23 4
20 4 21 4
17 4 18 4
16 4 17 4
14 4 15 4
26 22 27 23
24 20 25 20
22 18 23 19
21 17 22 18
20 16 21 16
17 13 18 14
25 3 26 3
24 3 25 4
23 3 24 4
21 3 22 4
19 3 20 3
14 3 15 3
13 3 14 4
12 3 13 4
11 3 12 4
9 3 10 4
28 25 29 25
25 22 26 23
19 16 20 17
18 15 19 15
17 14 18 15
13 10 14 10
24 2 25 2
19 2 20 2
14 2 15 2
22 20 23 20
16 14 17 15
10 8 11 9
24 1 25 1
23 1 24 1
22 1 23 1
21 1 22 1
14 1 15 1
24 23 25 23
18 17 19 18
16 15 17 16
15 14 16 15
13 12 14 12
28 0 29 0
24 0 25 0
20 0 21 0
18 0 19 0
13 0 14 0
8 0 9 0
26 26 27 27
17 17 18 18
28 12 29 13
27 12 28 13
26 12 27 13
24 12 25 12
27 15 28 15
26 14 27 14
25 11 26 11
27 10 28 11
24 10 25 10
22 10 23 10
21 10 22 11
26 16 27 16
28 9 29 10
27 9 28 10
25 9 26 9
22 9 23 9
19 9 20 10
18 9 19 9
26 17 27 18
24 15 25 16
22 13 23 13
20 11 21 12
19 10 20 11
26 8 27 9
21 8 22 8
20 8 21 9
16 8 17 8
27 19 28 19
23 15 24 16
20 12 21 13
16 7 17 7
14 7 15 7
25 18 26 18
24 17 25 17
19 12 20 13
17 10 18 11
16 9 17 9
15 8 16 8
23 6 24 6
22 6 23 6
21 6 22 7
20 6 21 7
19 6 20 7
18 6 19 7
17 6 18 7
16 6 17 6
12 6 13 6
23 17 24 18
22 16 23 17
21 15 22 16
20 14 21 14
19 13 20 14
17 11 18 12
14 8 15 8
13 7 14 7
23 5 24 5
21 5 22 5
18 5 19 5
17 5 18 5
15 5 16 5
13 5 14 5
25 20 26 20
12 7 13 8
25 4 26 4
24 4 25 5
23 4 24 4
22 4 23 5
21 4 22 5
18 4 19 4
17 4 18 4
15 4 16 4
14 4 15 4
13 4 14 5
12 4 13 5
10 4 11 5
27 23 28 24
23 19 24 19
22 18 23 18
19 15 20 15
18 14 19 14
14 10 15 11
26 3 27 3
20 3 21 3
15 3 16 3
26 23 27 24
20 17 21 18
18 15 19 16
25 2 26 2
20 2 21 2
15 2 16 2
25 23 26 24
17 15 18 16
14 12 15 13
11 9 12 10
25 1 26 1
24 1 25 1
23 1 24 1
15 1 16 1
19 18 20 19
17 16 18 17
16 15 17 16
25 0 26 0
21 0 22 0
19 0 20 0
14 0 15 0
9 0 10 1
18 18 19 19
27 13 28 13
28 15 29 15
27 14 28 14
25 12 26 13
28 11 29 11
22 11 23 12
27 16 28 17
23 12 24 12
25 10 26 10
23 10 24 11
20 10 21 11
23 13 24 13
26 9 27 10
23 9 24 9
22 9 23 10
21 9 22 10
19 9 20 9
21 12 22 12
20 11 21 11
22 8 23 8
17 8 18 8
26 18 27 18
24 16 25 17
21 13 22 13
20 12 21 12
17 9 18 10
21 7 22 7
20 7 21 8
19 7 20 8
18 7 19 8
15 7 16 8
21 14 22 15
20 13 21 14
18 11 19 11
15 8 16 8
24 6 25 6
23 6 24 6
17 6 18 6
13 6 14 6
26 20 27 21
24 18 25 19
23 17 24 17
22 16 23 16
20 14 21 15
18 12 19 12
24 5 25 5
23 5 24 5
22 5 23 6
19 5 20 5
18 5 19 6
16 5 17 5
14 5 15 5
13 5 14 5
11 5 12 5
24 19 25 20
23 18 24 18
20 15 21 16
19 14 20 15
13 8 14 9
24 4 25 4
19 4 20 4
18 4 19 5
17 4 18 5
16 4 17 4
15 4 16 5
28 24 29 24
15 11 16 12
27 3 28 3
21 3 22 3
16 3 17 3
21 18 22 19
19 16 20 17
26 2 27 2
21 2 22 2
16 2 17 2
26 24 27 25
18 16 19 17
15 13 16 13
12 10 13 11
26 1 27 1
24 1 25 1
16 1 17 1
10 1 11 1
20 19 21 19
18 17 19 18
17 16 18 17
26 0 27 0
22 0 23 0
15 0 16 0
19 19 20 20
28 14 29 15
28 13 29 13
26 13 27 13
24 12 25 13
24 11 25 12
24 13 25 13
26 10 27 11
22 10 23 11
21 11 22 11
24 9 25 9
20 9 21 10
22 13 23 13
21 8 22 8
20 8 21 8
19 8 20 9
18 8 19 9
16 8 17 8
25 17 26 17
19 11 20 11
18 10 19 10
22 7 23 7
24 17 25 18
23 16 24 16
22 15 23 15
21 14 22 14
19 12 20 12
15 8 16 8
25 6 26 7
24 6 25 7
23 6 24 7
19 6 20 6
18 6 19 7
14 6 15 6
27 21 28 22
24 18 25 18
21 15 22 16
24 5 25 5
20 5 21 6
19 5 20 5
17 5 18 5
16 5 17 6
15 5 16 6
14 5 15 5
12 5 13 6
21 16 22 17
20 15 21 16
14 9 15 10
25 4 26 4
20 4 21 5
17 4 18 4
16 12 17 13
28 3 29 4
22 3 23 3
17 3 18 3
22 19 23 19
20 17 21 18
16 13 17 13
27 2 28 2
22 2 23 2
17 2 18 2
27 25 28 26
21 19 22 20
19 17 20 18
13 11 14 11
27 1 28 1
25 1 26 1
17 1 18 1
11 1 12 1
19 18 20 19
18 17 19 17
27 0 28 0
23 0 24 0
16 0 17 0
20 20 21 21
27 13 28 14
25 12 26 12
25 13 26 14
27 11 28 12
22 11 23 12
23 12 24 12
21 10 22 10
23 13 24 13
25 9 26 10
20 9 21 9
26 17 27 17
20 11 21 11
19 10 20 10
22 8 23 8
21 8 22 9
17 8 18 9
24 16 25 16
23 15 24 15
22 14 23 14
20 12 21 12
26 7 27 8
23 7 24 8
19 7 20 7
25 18 26 19
21 6 22 6
20 6 21 7
17 6 18 7
16 6 17 7
15 6 16 7
13 6 14 7
22 16 23 17
21 5 22 5
20 5 21 6
18 5 19 6
15 5 16 5
14 5 15 6
22 17 23 18
21 16 22 16
15 10 16 11
18 4 19 4
23 19 24 20
17 13 18 13
23 3 24 3
18 3 19 3
21 18 22 18
14 11 15 12
23 2 24 2
18 2 19 2
28 26 29 27
20 18 21 19
19 17 20 17
28 1 29 1
26 1 27 1
18 1 19 1
12 1 13 1
20 19 21 20
17 0 18 0
21 21 22 22
28 12 29 12
24 12 25 12
26 14 27 15
24 13 25 14
26 10 27 10
22 10 23 11
20 10 21 10
27 17 28 17
21 11 22 12
20 10 21 11
22 9 23 10
21 9 22 10
18 9 19 9
25 16 26 16
23 14 24 15
21 12 22 13
27 8 28 9
24 8 25 8
23 8 24 8
21 7 22 7
18 7 19 7
17 7 18 8
16 7 17 8
14 7 15 7
26 19 27 19
22 6 23 7
21 6 22 6
19 6 20 7
23 17 24 17
22 16 23 16
22 5 23 6
16 5 17 5
18 13 19 14
16 11 17 12
19 4 20 4
24 20 25 21
19 3 20 3
20 17 21 17
15 12 16 12
24 2 25 3
19 2 20 2
21 19 22 20
19 1 20 1
13 1 14 2
18 0 19 0
22 22 23 23
25 12 26 12
27 15 28 15
23 11 24 11
28 17 29 18
25 14 26 15
27 10 28 10
23 10 24 10
22 10 23 10
21 10 22 11
26 16 27 16
22 12 23 12
19 9 20 9
24 15 25 15
22 13 23 14
24 8 25 8
18 8 19 8
17 8 18 9
27 19 28 20
23 7 24 7
22 7 23 7
20 7 21 7
15 7 16 8
23 16 24 17
23 6 24 6
22 6 23 7
17 5 18 6
19 14 20 15
17 12 18 12
20 4 21 4
25 21 26 22
21 17 22 18
16 12 17 13
25 3 26 3
20 3 21 3
20 2 21 2
14 2 15 2
22 20 23 20
20 1 21 1
19 0 20 0
23 23 24 24
26 12 27 12
24 11 25 11
22 11 23 11
26 15 27 15
23 12 24 12
24 10 25 10
23 10 24 11
25 15 26 16
20 9 21 10
18 9 19 10
23 14 24 14
19 10 20 11
25 8 26 9
16 8 17 9
17 9 18 10
24 7 25 8
23 7 24 8
21 7 22 8
24 17 25 17
24 6 25 6
18 6 19 6
18 12 19 12
20 15 21 15
21 4 22 4
22 18 23 19
17 13 18 14
26 3 27 3
21 3 22 3
21 2 22 2
15 2 16 3
21 1 22 1
20 0 21 0
24 24 25 25
24 12 25 12
27 15 28 15
25 11 26 11
24 11 25 11
23 11 24 11
25 10 26 10
21 10 22 10
26 16 27 17
24 14 25 14
25 8 26 8
24 8 25 9
22 8 23 9
25 17 26 18
18 10 19 11
19 12 20 12
25 6 26 6
19 6 20 6
23 19 24 20
18 14 19 15
27 3 28 4
22 3 23 3
16 3 17 3
22 2 23 2
22 1 23 1
21 0 22 0
25 25 26 26
28 15 29 16
25 12 26 12
26 11 27 11
25 11 26 11
25 14 26 14
26 10 27 10
27 17 28 18
25 9 26 9
23 9 24 9
26 8 27 9
20 12 21 13
26 6 27 6
20 6 21 7
24 20 25 21
19 15 20 16
23 3 24 3
17 3 18 3
23 2 24 2
23 1 24 1
22 0 23 0
26 12 27 12
27 11 28 11
27 10 28 10
24 9 25 10
21 13 22 14
21 7 22 7
27 6 28 6
25 21 26 22
20 16 21 17
18 3 19 3
24 2 25 2
24 1 25 1
23 0 24 0
27 12 28 12
28 10 29 10
25 10 26 11
22 14 23 15
22 7 23 8
26 22 27 23
21 17 22 17
19 3 20 3
25 1 26 1
24 0 25 0
26 11 27 11
23 8 24 8
23 15 24 16
22 17 23 18
27 23 28 23
20 3 21 3
25 0 26 0
27 11 28 11
24 8 25 8
24 16 25 16
23 18 24 19
28 11 29 11
25 16 26 17
25 8 26 9
24 19 25 20
26 9 27 10
26 17 27 18
25 20 26 21
27 18 28 19
26 21 27 22
28 19 29 19
