11 11 11 15 0 0 0 15 3 0 0 3 3 55 55 100 100 0 0 0 0 100 100 100 0 0 100 32 32 14 0 0 14 35 0 0 0 35 10 35 0 35 35 74 0 74 38 38 50 0 
15 15 15 15 0 0 0 15 3 0 0 3 55 55 55 55 100 100 100 100 100 100 32 100 100 100 100 32 32 14 0 0 14 35 35 35 35 35 35 35 0 35 74 74 0 74 38 38 50 0 
0 0 0 15 0 0 15 15 3 0 0 3 44 44 44 55 55 55 55 32 32 32 32 32 32 32 32 32 14 14 0 0 14 14 14 78 78 78 35 0 0 35 74 74 0 74 38 38 50 0 
0 0 0 15 15 15 15 3 3 0 0 3 3 3 44 44 44 44 55 55 32 32 32 32 32 32 32 32 14 14 14 0 0 0 14 78 78 78 35 35 0 35 35 74 0 74 38 38 50 50 
0 0 0 15 8 3 3 3 0 0 0 3 43 43 43 44 44 44 44 44 32 32 32 32 32 32 32 32 32 32 14 0 0 0 14 78 78 78 78 35 0 0 35 74 0 74 38 38 50 92 
0 15 15 15 8 8 3 3 3 3 3 3 43 43 43 44 44 44 44 44 32 32 32 32 32 32 32 32 14 14 14 0 0 0 14 78 78 78 46 35 35 35 35 74 0 74 38 38 38 63 
0 15 8 8 8 8 8 8 8 60 3 3 43 43 44 44 44 44 44 85 32 32 32 32 32 32 32 32 14 0 0 0 0 0 14 78 78 46 46 46 46 46 46 74 74 74 74 38 63 63 
15 15 8 8 8 8 8 8 8 60 60 43 43 43 43 44 44 44 44 85 32 32 32 32 32 32 32 14 14 14 14 14 0 14 14 78 78 78 46 46 46 46 46 46 74 74 74 38 63 0 
84 15 8 8 8 73 8 73 60 60 60 60 43 43 43 43 44 85 85 85 51 51 51 51 32 32 86 86 77 14 77 14 14 14 94 94 78 78 46 46 46 46 46 46 46 46 74 63 63 0 
84 84 84 73 73 73 73 73 73 73 60 60 43 43 43 43 44 85 85 85 85 51 51 51 51 51 51 86 77 77 77 96 96 14 94 94 94 78 78 46 46 46 46 46 46 46 74 63 0 0 
0 0 84 73 73 73 73 73 73 73 60 60 60 43 43 43 44 85 85 85 85 51 51 51 51 51 51 86 86 77 96 96 65 65 65 66 94 94 66 46 46 46 46 46 46 46 74 63 0 0 
0 0 84 73 73 73 73 73 60 60 60 60 60 43 43 43 44 40 40 40 40 51 51 51 51 51 86 86 86 77 77 96 65 65 65 66 66 66 66 66 66 46 46 63 46 63 63 63 0 0 
0 0 84 84 84 73 73 73 73 41 60 43 43 43 43 43 43 40 40 40 40 40 51 51 51 51 51 51 51 77 77 96 65 65 65 66 66 66 66 66 66 46 46 63 63 63 0 0 0 0 
84 84 84 84 84 84 84 84 84 41 41 41 41 20 43 43 43 40 40 40 40 40 51 51 51 51 51 51 51 65 65 65 65 65 65 66 66 66 66 66 66 66 66 66 63 0 0 0 0 0 
26 84 84 84 84 84 84 84 41 41 41 41 41 20 20 20 20 20 40 40 40 40 51 51 51 51 51 51 51 51 65 65 65 65 65 66 66 66 66 66 66 66 66 66 63 0 0 0 0 0 
26 84 84 84 84 84 84 41 41 41 41 41 41 20 20 20 20 20 20 40 20 40 51 51 51 51 51 51 51 51 34 65 65 65 65 66 66 66 66 66 66 66 66 66 63 63 0 0 0 0 
26 26 84 84 84 84 84 41 41 41 41 41 41 20 20 20 20 20 20 20 20 40 28 28 28 28 9 9 9 9 34 65 65 65 65 66 66 66 66 66 66 66 66 49 49 63 63 63 63 63 
0 26 26 84 84 84 84 84 41 41 41 41 20 20 20 20 20 20 20 20 20 28 28 28 28 28 9 9 9 9 34 34 34 34 65 66 49 49 49 49 49 49 49 49 49 36 36 36 36 36 
0 0 26 84 67 67 84 84 84 41 41 41 20 20 20 20 20 20 20 20 20 28 28 28 28 28 9 9 9 9 34 34 34 34 65 66 49 49 49 49 49 49 49 49 36 36 0 0 0 0 
0 0 26 84 67 67 67 84 84 84 41 41 20 20 88 88 88 88 88 88 20 28 28 28 28 28 9 9 9 9 34 34 34 34 49 49 49 49 49 49 49 49 49 49 49 36 0 0 0 0 
0 26 26 67 67 67 84 84 84 84 52 41 41 20 88 88 88 88 88 88 58 58 28 28 28 28 9 9 9 9 34 34 34 49 49 49 49 49 49 49 49 49 49 49 36 36 0 0 0 0 
26 26 67 67 67 67 67 84 52 52 52 52 88 88 88 88 88 58 88 88 58 58 58 28 28 28 9 9 9 9 9 34 34 34 34 49 49 49 49 49 49 49 36 36 36 0 0 0 0 0 
26 67 67 67 67 67 67 52 52 52 52 52 71 71 71 58 58 58 58 88 58 58 58 28 28 28 28 9 9 34 34 34 34 34 34 49 49 49 49 49 49 49 49 36 0 0 0 0 0 0 
26 67 67 67 67 67 67 52 52 52 52 52 71 71 71 58 58 58 58 58 58 58 58 58 58 28 28 28 34 34 34 34 34 34 34 34 34 49 49 49 49 49 49 36 0 0 0 0 0 0 
81 81 62 62 62 67 67 52 52 52 52 52 71 71 71 58 58 58 58 58 58 58 58 58 58 28 28 28 34 34 34 34 34 34 34 34 34 49 49 49 49 49 36 36 36 36 36 0 0 0 
81 62 62 62 67 67 4 4 52 83 83 71 71 71 71 71 71 58 58 58 58 58 58 58 58 58 28 34 34 34 34 34 34 34 34 34 34 49 45 49 45 45 36 36 45 82 36 36 36 36 
81 81 47 62 4 4 4 4 83 83 83 71 71 71 71 71 71 58 58 58 58 58 58 58 58 58 58 58 12 12 12 34 34 34 34 34 45 45 45 45 45 45 45 45 45 82 82 82 82 82 
0 81 47 47 4 4 4 4 83 83 83 83 71 71 71 71 24 58 58 58 58 58 58 58 58 12 12 12 12 12 12 12 34 34 45 45 45 45 45 45 45 45 45 45 45 82 0 0 0 0 
0 81 47 47 4 4 4 4 83 83 83 83 83 71 71 71 24 24 24 24 24 61 24 58 58 12 12 12 12 12 12 12 12 45 45 45 45 45 45 45 45 45 45 45 45 82 0 0 0 0 
0 81 47 47 4 4 39 39 83 83 71 83 83 71 71 24 24 24 24 24 24 24 24 24 58 58 12 12 12 12 12 12 12 45 45 45 45 45 45 45 45 45 45 45 82 82 0 0 0 0 
81 81 47 47 4 75 75 39 39 39 71 71 71 71 71 71 24 24 24 24 24 24 24 24 24 24 64 12 12 12 64 64 21 45 45 45 45 45 45 45 45 45 45 45 82 82 0 0 0 0 
13 13 13 47 75 75 75 75 39 71 71 71 71 71 71 71 71 24 24 2 2 2 2 2 24 64 64 64 64 64 64 64 21 21 45 45 45 45 45 45 45 45 68 68 79 82 82 82 82 82 
0 13 13 75 75 75 75 75 75 59 71 71 71 71 71 71 24 24 2 2 2 2 2 2 2 64 64 64 64 64 64 64 64 21 21 45 45 45 45 45 68 68 68 79 79 79 42 82 42 82 
0 13 22 22 22 22 59 59 59 59 71 71 71 71 71 24 24 24 2 2 2 2 2 2 2 64 64 64 64 64 64 64 64 21 21 79 79 79 45 45 68 68 68 79 79 42 42 42 42 42 
13 13 13 22 22 22 59 59 59 59 59 59 59 71 89 89 16 16 2 2 2 2 2 2 91 91 64 64 64 64 99 64 21 21 21 79 79 79 79 79 79 79 79 79 79 79 42 42 42 42 
27 27 27 27 6 22 22 59 59 59 59 59 59 59 89 89 89 16 16 16 2 2 91 91 91 91 91 91 99 99 99 21 21 21 21 79 79 79 79 79 79 79 79 79 79 79 42 54 54 54 
0 0 0 27 22 22 22 59 23 23 87 87 59 89 89 89 89 89 16 16 16 16 91 91 91 91 99 99 99 99 99 21 21 21 21 21 21 79 79 79 79 79 79 54 54 54 54 54 0 0 
0 0 0 27 22 22 22 22 23 87 87 87 89 89 89 89 89 16 16 16 16 16 91 91 91 91 91 99 99 99 99 21 21 21 21 21 21 7 7 7 79 54 54 54 0 0 0 0 0 0 
27 27 27 27 22 22 22 23 23 53 23 87 89 89 89 89 89 5 16 16 16 16 16 91 91 91 91 99 99 99 99 21 21 21 21 21 98 7 7 7 25 25 54 54 54 54 54 54 54 54 
70 70 22 22 22 22 23 23 23 23 23 23 89 89 89 89 5 5 5 16 16 16 16 91 91 91 91 91 91 91 91 21 21 21 21 30 98 98 7 7 25 25 25 29 48 48 48 48 48 54 
0 70 70 17 17 17 17 23 23 23 23 89 89 89 89 89 5 5 5 5 5 16 16 16 91 91 91 91 91 91 91 30 21 21 30 30 98 98 7 7 7 29 29 29 48 48 48 48 48 54 
0 0 70 17 17 17 17 17 17 17 17 17 89 89 89 89 5 5 5 5 5 93 16 93 91 56 90 76 76 76 76 30 30 30 30 30 98 98 7 7 72 72 29 29 48 48 48 48 48 48 
0 0 70 70 70 17 17 17 17 17 17 17 17 89 89 89 89 5 5 93 93 93 16 93 90 90 90 90 76 76 76 30 30 30 30 30 98 7 7 72 72 72 29 29 29 37 48 48 48 0 
70 70 70 70 17 17 17 17 17 17 17 17 17 69 69 69 69 5 93 93 0 93 93 93 93 90 90 90 76 76 76 30 30 30 30 30 7 7 7 7 80 72 29 29 37 37 37 37 48 48 
19 19 19 70 17 95 95 95 95 17 17 17 69 69 0 69 69 5 93 0 0 0 0 0 93 93 90 76 76 76 76 30 30 30 30 30 7 7 7 72 72 72 72 37 37 0 0 37 37 1 
19 19 19 19 17 95 0 95 69 69 17 17 69 0 0 69 93 93 93 0 0 0 0 0 0 93 93 93 76 76 76 76 76 57 97 97 97 97 97 72 72 72 72 31 37 0 0 37 37 1 
18 18 18 18 95 95 0 95 95 69 69 69 69 0 0 69 93 93 93 0 0 0 0 0 0 0 0 93 76 76 76 76 76 57 97 97 97 0 97 97 97 72 72 31 37 0 0 37 1 1 
18 18 18 18 95 0 0 0 95 95 69 0 0 0 0 69 69 69 93 0 0 0 0 0 0 0 0 93 76 76 76 76 57 57 57 57 97 0 0 97 97 31 31 31 37 0 0 37 1 0 
33 33 33 33 95 95 0 0 0 95 69 0 0 0 0 0 0 69 93 0 0 0 0 0 0 0 0 93 57 76 76 57 57 0 0 57 97 0 97 97 31 31 31 37 37 0 0 37 1 0 
0 0 0 33 33 95 0 0 0 95 69 0 0 0 0 0 0 69 93 0 0 0 0 0 0 0 0 93 57 57 57 57 0 0 0 57 97 0 97 31 31 0 31 31 37 0 0 37 1 0 
